0319555137
0319583640
0319583616
0319555166
0319583830
0319511210
0319583664
0319576551
0319583863
0319583636
0319197029
0319583871
0319583643
0319555140
0319583667
0319513373
0319583870
0319583858
0319583647
0319583642
0319583844
0319513372
0319583842
0319583866
0319223622
0318543408
0319197030
0318936711
0319219579
0318936395
0318936700
0318936540
0318936427
0318936444
0318936727
0319219508
0318936674
0318936679
0318936688
0318936436
0318936428
0318936539
0318936712
0319219513
0318936408
0318936518
0318936724
0319223240
0318936529
0318936425
0318936448
0318936394
0319421977
0319421665
0318828354
0319511187
0318333442
0319422028
0319421838
0319421956
0318837355
0319421941
0319280637
0319280648
0318332580
0319422085
0319422066
0319422016
0319511253
0319421667
0318633185
0318633316
0318633323
0319421860
0319421701
0319422009
0319422027
0319422071
0318333446
0318333261
0319421781
0319421883
0318332793
0319422134
0319280441
0318633332
0319421979
0319421743
0319280641
0319421862
0319421739
0318633197
0319422095
0319280691
0319315534
0319265898
0319315504
0319219319
0319219841
0319584397
0319584541
0319315592
0319315626
0319219358
0319513365
0319583663
0319583625
0319583611
0319583665
0319583604
0319583629
0319583633
0319555159
0319513370
0319583656
0319555168
0319555167
0319583631
0319555131
0319583612
0319197036
0319513362
0319583609
0319583850
0319583847
0319583856
0319583845
0319555146
0319208914
0319583862
0318497941
0319583838
0319280174
0319266101
0319265994
0319315488
0319315587
0319219312
0319219649
0319223238
0319438757
0319219895
0319265702
0319223225
0319266181
0319266188
0319266169
0319315631
0319555191
0319266208
0319266096
0319223230
0319438584
0319266168
0319265842
0319315646
0319219899
0319223239
0319315494
0319219705
0319266199
0319315485
0319315649
0319265876
0319219882
0319266133
0319584551
0319219630
0319219499
0319266068
0319223251
0319584451
0319219913
0319315569
0319266152
0319584561
0319223260
0319223281
0319315642
0319219948
0319315513
0319219359
0319265850
0319223294
0319266090
0319315535
0319266172
0319315521
0319584486
0319584440
0319584528
0319555195
0319219838
0319219334
0319265844
0319219925
0319266116
0319315597
0319219774
0319438468
0319315541
0319219846
0319315563
0319315502
0319315536
0319265882
0319208742
0319265962
0319315481
0319219331
0319265786
0319266023
0319265857
0319219775
0319266036
0319212150
0319245470
0319315540
0319227221
0319245517
0319219593
0319265788
0319265867
0319265859
0319219929
0319315654
0319555064
0319219304
0319219725
0319219747
0319266186
0319315637
0319315490
0319266201
0319219946
0319265705
0319315517
0319219870
0319265800
0319223269
0319315604
0319555192
0319265963
0319219592
0319265969
0319378953
0319414358
0319219628
0319219327
0319555037
0318938586
0318938863
0318938847
0319219613
0319219609
0318938803
0318838964
0318938782
0318938967
0318938733
0318938801
0318938705
0318938880
0319220302
0319220327
0318938860
0318938893
0319555036
0318938728
0318938471
0319220315
0318938877
0318938861
0319555178
0318947701
0319219405
0318943940
0318938848
0318938772
0318938830
0319280997
0319280547
0319245472
0319280666
0319280646
0319280694
0319511213
0319280998
0319280977
0319280667
0319519676
0319280570
0319227840
0319280545
0319121185
0319280550
0319121194
0319511161
0319533847
0319421803
0319280391
0319421737
0318332990
0319280451
0319280431
0318355881
0319219947
0319265642
0319219835
0319265794
0319265922
0319219750
0319265917
0319315514
0319265914
0319438480
0319438662
0319243330
0319219681
0319219953
0319265710
0319265767
0319265960
0319219680
0319219700
0319265943
0319265981
0319265942
0319266021
0319315615
0319223221
0319266135
0319219958
0319315554
0319315549
0319265907
0319265987
0319219669
0319219926
0319584496
0319219674
0319265855
0319266193
0319219900
0319219881
0319219353
0319219702
0319219293
0319223249
0319315582
0319315640
0319315648
0319315609
0319315635
0319219339
0319265845
0319219937
0319265868
0319265837
0319265793
0319219346
0319315602
0319219317
0319315525
0319265927
0319438748
0319223271
0319315574
0319315617
0319223226
0319315627
0319315596
0319266121
0319438503
0318358038
0319083704
0319266131
0319219308
0319315555
0319223299
0319315558
0319266006
0319219859
0319219348
0319438580
0319265865
0319265894
0319219843
0319265878
0319223303
0319315656
0319219755
0319223284
0319266191
0319219643
0319266158
0319223293
0319243326
0319223244
0319219771
0319315561
0319219627
0319219760
0319315510
0319555053
0319583991
0319514807
0319583716
0319583696
0319583979
0319514742
0319583700
0319583731
0319583705
0319196849
0319583981
0319576493
0319576508
0319576512
0319576490
0319514813
0319514782
0319514817
0319583995
0319576472
0319576510
0319201652
0319245572
0319245592
0319425804
0319583688
0319472424
0319583967
0319583681
0319576535
0319514717
0319583738
0319245533
0319245578
0319576498
0319576471
0319477748
0319514691
0318938766
0318938817
0318943959
0318938833
0318938774
0318938767
0318938765
0318938856
0318938730
0318938713
0319555082
0319492222
0318938873
0319220314
0319220331
0319552439
0318938779
0318938764
0318938656
0319220303
0319219369
0319219401
0319219390
0318941285
0318941270
0318941297
0318938419
0318938440
0318941305
0318941299
0318938422
0318941295
0319315568
0319584419
0319265709
0319584530
0319584521
0319584425
0319221189
0319221078
0319221104
0319221250
0319219296
0319315651
0319438613
0319219518
0319315523
0319266166
0319315507
0319315633
0319219844
0319219309
0319266148
0319219333
0319219586
0319266027
0319266163
0319219666
0319266093
0319583628
0319583614
0319583622
0319583621
0318488516
0319583864
0319583849
0319583619
0319583637
0319583607
0319583666
0319583832
0319583659
0319583654
0319583668
0319583660
0319583630
0319583601
0319583620
0319583655
0318540989
0319204207
0319452619
0319452582
0318471032
0318471133
0319452591
0319452581
0319514779
0318471164
0318279915
0319487899
0319555076
0319583702
0319452610
0319555074
0319472443
0319583974
0319555104
0318575727
0319472501
0319472481
0318576205
0318454013
0319223801
0318575721
0318471067
0319223764
0318453999
0319211920
0319472383
0319472123
0319352312
0319583956
0318564193
0319553300
0319553304
0319555098
0319224006
0319280236
0319555101
0319555081
0319472502
0319472102
0319564215
0319583697
0318505504
0319583713
0319511280
0319219727
0318936698
0319315477
0319266207
0318938483
